data/data_mgex/CODG3350.19I
     1.0            IONOSPHERE MAPS     GNSS                IONEX VERSION / TYPE
ADDNEQ2 V5.3        AIUB                05-DEC-19 20:20     PGM / RUN BY / DATE 
CODE'S GLOBAL IONOSPHERE MAPS FOR DAY 335, 2019             COMMENT             
Global ionosphere maps (GIM) are generated on a daily basis DESCRIPTION         
at CODE using data from about 300 GNSS sites of the IGS and DESCRIPTION         
other institutions. The vertical total electron content     DESCRIPTION         
(VTEC) is modeled in a solar-geomagnetic reference frame    DESCRIPTION         
using a spherical harmonics expansion up to degree and      DESCRIPTION         
order 15. Piece-wise linear functions are used for          DESCRIPTION         
representation in the time domain. The time spacing of      DESCRIPTION         
their vertices is 1 hour, conforming with the epochs of the DESCRIPTION         
VTEC maps.                                                  DESCRIPTION         
To convert line-of-sight TEC into vertical TEC, a modified  DESCRIPTION         
single-layer model mapping function approximating the JPL   DESCRIPTION         
extended slab model mapping function is adopted. The        DESCRIPTION         
mapping function is evaluated at geodetic satellite         DESCRIPTION         
elevation angles. For the computation of the ionospheric    DESCRIPTION         
pierce points, a spherical layer with a radius of 6821 km   DESCRIPTION         
is assumed, implying geocentric, not geodetic IONEX         DESCRIPTION         
latitudes.                                                  DESCRIPTION         
Instrumental biases with respect to each involved GNSS code DESCRIPTION         
observable are estimated as constant values for each        DESCRIPTION         
day. They are modeled with one set of bias parameters for   DESCRIPTION         
each satellite and each station in case of GPS and for each DESCRIPTION         
satellite-station link in case of GLONASS. The code bias    DESCRIPTION         
datum is defined by zero-mean conditions imposed on the     DESCRIPTION         
satellite bias estimates. In this file, just GPS C1W-C2W    DESCRIPTION         
satellite and station bias values are included. The         DESCRIPTION         
complete set of GNSS code bias results is provided in an    DESCRIPTION         
additional Bias-SINEX file as pseudo-absolute values        DESCRIPTION         
specific to each observable.                                DESCRIPTION         
Note: These GIM results correspond to the results for the   DESCRIPTION         
middle day of a 3-day combination analysis solving for 73   DESCRIPTION         
times 256, or 18688 VTEC parameters and 3 daily sets of     DESCRIPTION         
GNSS code bias parameters.                                  DESCRIPTION         
Contact address: code(at)aiub.unibe.ch                      DESCRIPTION         
Data archive:    ftp.aiub.unibe.ch/CODE/                    DESCRIPTION         
                 www.aiub.unibe.ch/download/CODE/           DESCRIPTION         
  2019    12     1     0     0     0                        EPOCH OF FIRST MAP  
  2019    12     2     0     0     0                        EPOCH OF LAST MAP   
  3600                                                      INTERVAL            
[...]
chti chur cnmr cord cpvg cro1 daej darw dav1 dgar dhlg drao COMMENT             
dubo ebre faa1 fair flin flrs frdn ftna func ganp glps glsv COMMENT             
gmsd gode godz gol2 gold gope gras graz guat guug harb hers COMMENT             
hert hlfx hnpt hob2 hofn holb hrao hyde ieng iisc ineg invk COMMENT             
iqal irkj jog2 joz2 joze karr kerg kir0 kiri kiru kokb kokv COMMENT             
koug kour krgg lama laut lhaz lmmf lpal lpgs m0se mac1 madr COMMENT             
mag0 maju mal2 mana mas1 mat1 mate maw1 mcm4 mdvj medi mets COMMENT             
mgue mizu mkea mnls mobj mobk mobs monp morp mqzg mro1 mtka COMMENT             
nano naur nico nist nium nklg nlib nnor nrc1 nril ntus nya1 COMMENT             
nyal ohi2 ohi3 onsa opmt ous2 pado parc park pdel penc pert COMMENT             
pfa2 pie1 pimo pol2 polv pots pove prds ptbb ptvl qaq1 quin COMMENT             
ramo reun reyk rgdg rio2 riop roth salu samo sant savo sch2 COMMENT             
scor scrz sctb seyg smst sofi spt0 ssia sthl stjo stk2 str2 COMMENT             
suth sutm suwn sydn syog tabl tabv tash tehn thtg thti thu2 COMMENT             
tid1 tidb tixg tixi tlse tong tow2 tro1 tsea tskb twtf txes COMMENT             
uclu ufpr ulab unb3 unbj unsa untr urum usn7 usud vaco vald COMMENT             
vill voim vtsp wab1 wab2 wark wgtn whit will wind wsrt wtza COMMENT             
wtzl wtzr wtzs wtzz xmis yakt yar2 yar3 yarr yell ykro yssk COMMENT             
zamb zeck zim2 zim3 zimm                                    COMMENT             
                                                            END OF HEADER       
[from data line 3003]
     8                                                      START OF TEC MAP    
  2019    12     1     7     0     0                        EPOCH OF CURRENT MAP
    87.5-180.0 180.0   5.0 450.0                            LAT/LON1/LON2/DLON/H
   22   22   22   22   22   22   22   21   21   21   20   20   19   19   19   18
   18   17   17   17   16   16   16   16   16   16   16   16   16   16   16   16
   16   16   16   16   16   16   16   16   16   16   16   16   16   16   16   16
   16   16   16   16   17   17   17   17   17   18   18   18   19   19   19   20
   20   20   21   21   21   22   22   22   22
    85.0-180.0 180.0   5.0 450.0                            LAT/LON1/LON2/DLON/H
   25   26   26   26   26   25   25   24   23   22   21   20   18   17   16   15
   14   13   12   11   11   10   10   10   10   11   11   11   12   12   13   13
   13   14   14   14   14   14   14   14   14   14   14   13   13   13   13   13
   12   12   12   12   12   13   13   13   13   14   14   15   15   16   17   18
   19   20   21   22   23   23   24   25   25
    82.5-180.0 180.0   5.0 450.0                            LAT/LON1/LON2/DLON/H
   27   28   29   29   29   28   27   26   24   22   20   18   16   13   11    9
    8    6    5    4    4    4    4    4    5    5    6    7    8    9   10   11
   12   13   13   13   13   13   13   13   12   12   11   11   10   10    9    9
    9    9    8    8    8    8    8    8    8    9    9   10   10   11   12   13
   15   16   18   19   21   23   24   26   27
    80.0-180.0 180.0   5.0 450.0                            LAT/LON1/LON2/DLON/H
   26   28   29   30   30   30   29   27   25   22   19   16   13   10    7    4
    2    0    0    0    0    0    0    0    0    2    3    5    7    8   10   11
   12   13   13   13   13   13   12   12   11   10    9    9    8    7    7    7
    6    6    6    6    6    6    5    5    5    5    5    5    5    6    6    7
    9   10   12   15   17   20   22   24   26
    77.5-180.0 180.0   5.0 450.0                            LAT/LON1/LON2/DLON/H
   23   26   28   29   30   30   29   27   24   21   18   14   10    6    3    0
    0    0    0    0    0    0    0    0    0    1    3    5    7    8   10   11
   12   13   13   13   13   12   11   11   10    9    8    7    6    6    6    6
    6    6    7    7    7    7    6    6    5    4    3    2    2    1    1    2
    3    4    6    8   11   14   17   20   23
    75.0-180.0 180.0   5.0 450.0                            LAT/LON1/LON2/DLON/H
   18   21   24   26   27   27   27   25   23   20   16   12    8    4    1    0
    0    0    0    0    0    0    0    0    1    2    4    6    8    9   10   12
   12   13   13   12   12   11   10    9    8    7    6    6    6    6    7    8
    9   10   11   11   12   12   11   10    9    7    5    3    2    0    0    0
    0    0    0    2    5    8   11   14   18
    72.5-180.0 180.0   5.0 450.0                            LAT/LON1/LON2/DLON/H
   12   15   18   20   22   23   23   22   20   17   14   11    7    4    1    0
    0    0    0    0    0    0    2    3    4    6    7    8    9   10   11   11
   12   11   11   10    9    8    7    7    6    6    6    6    7    8   10   11
   13   15   17   18   19   19   19   18   16   14   11    8    5    3    0    0
    0    0    0    0    0    2    5    8   12
    70.0-180.0 180.0   5.0 450.0                            LAT/LON1/LON2/DLON/H
    6    9   12   14   16   17   17   17   16   14   12    9    7    4    2    1
    1    1    2    3    5    6    7    8    9   10   10   10   10   11   11   10
   10    9    8    7    6    5    5    4    5    5    6    7    9   11   14   16
   19   22   24   26   28   28   28   26   25   22   19   16   12    9    5    2
    0    0    0    0    0    0    1    4    6
    67.5-180.0 180.0   5.0 450.0                            LAT/LON1/LON2/DLON/H
    3    5    7    8   10   11   12   12   12   11   10    8    6    5    4    4
    4    6    7    9   10   12   12   13   13   13   12   11   11   10   10    9
    8    7    5    4    3    2    2    3    4    6    8   10   13   15   18   22
   25   28   31   33   35   35   35   34   32   30   27   24   21   17   13    9
    6    3    1    0    0    0    0    2    3
    65.0-180.0 180.0   5.0 450.0                            LAT/LON1/LON2/DLON/H
    4    4    5    5    5    6    7    7    7    7    7    7    6    6    6    6
    7    9   11   12   13   14   15   15   14   14   13   12   11   10    9    7
    6    5    3    1    0    0    1    2    5    8   11   14   17   20   23   27
   30   33   36   38   40   40   40   39   38   36   34   32   30   26   23   19
   15   11    8    6    5    4    4    4    4
    62.5-180.0 180.0   5.0 450.0                            LAT/LON1/LON2/DLON/H
    9    8    6    5    4    4    4    4    5    5    5    5    6    6    7    8
    9   10   11   12   13   14   14   14   14   13   12   11   10    9    8    7
    5    4    2    0    0    0    1    4    7   11   15   19   22   25   28   31
   34   37   39   41   41   41   41   40   40   39   39   38   37   35   32   28
   24   20   17   14   13   11   10   10    9
    60.0-180.0 180.0   5.0 450.0                            LAT/LON1/LON2/DLON/H
   17   15   12   10    7    6    5    4    4    4    5    5    6    6    7    8
    9    9   10   10   10   10   11   11   11   11   11   11   10    9    9    8
    6    5    3    2    1    2    4    7   12   16   21   25   29   31   33   35
   38   40   41   42   42   41   40   40   40   40   41   42   42   41   39   36
   33   29   25   23   21   20   19   18   17
    57.5-180.0 180.0   5.0 450.0                            LAT/LON1/LON2/DLON/H
   27   25   22   18   15   12    9    8    7    7    6    6    6    7    7    7
    8    7    7    6    5    5    6    8    9   10   11   11   11   11   10   10
    9    8    7    6    5    7    9   13   18   23   28   32   35   37   39   40
   41   43   44   44   43   41   40   39   39   40   42   44   45   46   44   42
   38   34   31   29   28   28   28   28   27
    55.0-180.0 180.0   5.0 450.0                            LAT/LON1/LON2/DLON/H
   37   35   33   29   25   22   18   16   14   12   11   10    9    8    8    8
    7    6    4    2    2    2    4    6    9   11   13   14   14   14   14   13
   13   13   12   12   12   14   17   21   26   31   36   40   42   44   45   45
   46   47   48   48   46   44   42   40   40   41   44   46   48   48   47   44
   41   37   34   33   33   34   35   36   37
    52.5-180.0 180.0   5.0 450.0                            LAT/LON1/LON2/DLON/H
   45   45   44   41   38   34   30   27   23   21   18   16   14   12   11    9
    8    6    4    2    1    2    5    9   13   16   18   18   18   18   18   18
   18   18   19   20   21   23   26   30   35   40   44   48   50   51   52   52
   53   54   55   55   53   50   48   46   45   46   47   49   50   50   48   45
   41   37   35   34   34   37   40   43   45
    50.0-180.0 180.0   5.0 450.0                            LAT/LON1/LON2/DLON/H
   49   52   53   52   50   47   44   40   36   32   28   24   20   17   15   13
   11    9    7    6    6    8   12   17   21   24   25   25   24   23   22   22
   22   24   26   28   31   34   37   40   44   48   52   56   58   59   59   60
   62   63   65   65   63   61   58   56   54   53   53   53   53   51   49   45
   41   37   34   33   34   37   41   46   49
    47.5-180.0 180.0   5.0 450.0                            LAT/LON1/LON2/DLON/H
   51   55   58   60   60   59   57   54   50   45   39   34   29   25   22   19
   18   16   16   16   17   20   25   29   33   35   34   33   30   28   26   26
   27   29   33   37   41   44   47   50   53   56   60   63   65   66   67   69
   71   73   75   76   76   74   71   69   66   64   62   60   57   55   51   46
   41   36   33   31   33   36   41   46   51
    45.0-180.0 180.0   5.0 450.0                            LAT/LON1/LON2/DLON/H
   49   54   59   63   67   68   68   66   63   58   52   45   39   34   30   27
   26   26   27   30   33   37   42   45   47   47   44   40   36   33   31   30
   31   34   39   45   50   54   57   60   61   64   67   69   72   73   75   77
   79   82   85   87   88   87   85   83   80   76   72   68   64   59   54   49
   44   38   34   32   32   35   39   44   49
    42.5-180.0 180.0   5.0 450.0                            LAT/LON1/LON2/DLON/H
   45   50   56   62   68   73   75   76   73   69   63   57   50   43   39   36
   36   38   42   47   52   57   60   62   61   57   53   47   42   38   35   33
   34   38   44   51   58   63   66   68   69   70   72   75   77   79   81   83
   86   89   93   95   97   97   97   95   92   87   82   76   71   65   60   55
   49   43   38   35   34   36   38   41   45
    40.0-180.0 180.0   5.0 450.0                            LAT/LON1/LON2/DLON/H
   41   45   50   58   66   73   78   81   80   78   73   67   60   53   48   46
   46   50   56   64   70   75   77   76   71   65   58   52   46   42   39   37
   38   41   48   56   64   70   73   75   75   76   78   80   82   84   86   89
   91   94   98  100  103  104  104  103  101   96   90   84   78   72   68   63
   57   50   45   41   39   38   39   40   41
    37.5-180.0 180.0   5.0 450.0                            LAT/LON1/LON2/DLON/H
   38   39   44   51   60   69   76   81   83   82   79   74   68   62   57   55
   56   61   69   78   86   90   90   85   78   69   60   54   49   45   42   41
   41   44   51   59   67   74   78   80   81   81   83   84   87   89   91   93
   96   98  101  103  105  107  108  107  106  102   96   90   85   80   76   72
   66   60   53   48   45   43   41   39   38
    35.0-180.0 180.0   5.0 450.0                            LAT/LON1/LON2/DLON/H
   37   36   38   44   53   62   71   77   81   83   82   79   75   70   66   63
   64   70   79   89   97  100   97   89   78   68   59   53   50   47   46   44
   44   47   53   61   69   76   81   84   85   86   88   89   92   94   97   99
  101  103  104  105  106  107  108  109  108  105  100   96   91   88   85   81
   76   69   62   56   52   49   45   41   37
    32.5-180.0 180.0   5.0 450.0                            LAT/LON1/LON2/DLON/H
   39   35   35   39   46   55   63   70   76   79   81   80   79   76   72   70
   71   76   85   95  102  102   97   86   74   63   55   50   49   48   48   47
   47   49   54   61   69   76   82   86   89   92   93   95   98  101  104  107
  109  111  111  110  110  109  110  110  109  107  104  101   98   96   93   90
   85   78   70   64   59   55   50   44   39
    30.0-180.0 180.0   5.0 450.0                            LAT/LON1/LON2/DLON/H
   42   37   35   37   41   48   55   62   68   73   76   78   79   79   77   75
   75   79   86   95  100   99   91   79   66   55   49   46   47   48   48   48
   48   50   54   61   68   75   82   89   94   97  100  102  106  110  115  119
  122  123  122  120  117  115  114  113  112  111  110  107  105  104  102   98
   92   85   76   69   64   60   55   48   42
    27.5-180.0 180.0   5.0 450.0                            LAT/LON1/LON2/DLON/H
   46   41   38   38   40   44   49   54   60   65   69   73   77   79   79   77
   76   79   84   91   94   91   81   69   57   48   43   42   44   46   47   47
   47   50   54   60   66   74   82   91   98  104  108  111  116  121  128  134
  139  140  139  136  131  127  123  121  120  119  118  117  115  113  110  106
   99   90   81   73   67   62   58   53   46
    25.0-180.0 180.0   5.0 450.0                            LAT/LON1/LON2/DLON/H
   51   47   43   42   41   42   45   48   53   57   62   67   72   76   78   77
   76   77   80   84   85   80   70   59   48   41   38   38   40   42   43   44
   45   48   53   59   65   73   83   93  104  112  117  122  128  135  144  152
  158  161  160  156  150  143  138  134  132  131  130  129  127  123  119  113
  105   96   85   76   69   64   60   56   51
    22.5-180.0 180.0   5.0 450.0                            LAT/LON1/LON2/DLON/H
   56   53   50   48   45   44   44   45   49   52   56   61   67   72   76   76
   74   73   74   76   75   69   60   51   42   37   34   34   36   37   38   39
   41   46   52   59   65   73   84   97  109  120  127  134  141  150  161  171
  178  182  182  178  171  164  157  151  149  147  146  144  141  136  129  122
  113  102   91   80   72   66   62   59   56
    20.0-180.0 180.0   5.0 450.0                            LAT/LON1/LON2/DLON/H
   61   59   57   54   50   47   46   46   48   50   52   56   61   67   72   73
   71   70   69   69   66   60   53   45   40   35   33   32   32   32   32   33
   37   44   52   60   67   75   86  101  115  128  137  145  154  165  176  187
  195  200  201  198  192  184  177  171  168  166  165  162  157  149  141  132
  123  111   99   87   76   69   64   62   61
    17.5-180.0 180.0   5.0 450.0                            LAT/LON1/LON2/DLON/H
   64   64   62   59   55   52   49   49   50   51   52   53   57   63   67   69
   69   67   65   63   59   54   49   44   40   36   33   30   28   27   27   28
   33   41   52   61   69   78   90  105  121  135  146  156  167  178  189  199
  207  212  214  213  208  202  196  190  187  186  184  180  173  164  155  145
  135  124  111   97   85   75   68   65   64
    15.0-180.0 180.0   5.0 450.0                            LAT/LON1/LON2/DLON/H
   68   67   65   63   59   55   53   53   54   55   54   54   55   59   64   66
   66   65   62   60   56   51   48   45   42   38   33   29   26   25   24   25
   30   40   52   63   72   81   93  109  126  141  154  166  177  188  198  206
  213  217  220  220  218  215  210  207  205  203  201  197  189  179  169  160
  150  140  127  112   97   84   75   70   68
    12.5-180.0 180.0   5.0 450.0                            LAT/LON1/LON2/DLON/H
   71   68   66   63   60   57   56   57   59   60   59   56   55   57   61   64
   65   64   62   59   55   51   49   47   45   40   34   29   26   24   23   24
   30   40   54   66   76   85   97  112  129  145  160  173  185  195  204  209
  213  216  219  221  222  221  220  218  218  218  216  211  203  193  184  176
  167  157  145  130  113   97   85   76   71
    10.0-180.0 180.0   5.0 450.0                            LAT/LON1/LON2/DLON/H
   75   69   65   61   59   57   57   60   63   64   63   60   57   57   59   62
   63   63   62   59   56   53   51   50   47   42   35   30   26   25   24   26
   31   42   55   68   79   88  100  114  131  147  163  178  190  200  206  209
  211  212  215  218  222  224  225  226  227  228  227  222  215  206  198  191
  184  175  164  149  131  113   96   84   75
     7.5-180.0 180.0   5.0 450.0                            LAT/LON1/LON2/DLON/H
   78   69   62   58   56   55   56   60   64   67   66   62   58   56   57   60
   62   63   62   60   57   54   53   51   48   42   35   30   28   28   28   29
   34   44   57   70   81   90  101  115  131  147  164  180  193  203  208  209
  209  209  212  216  221  225  228  231  234  235  234  230  224  217  211  205
  199  192  181  166  148  128  108   92   78
     5.0-180.0 180.0   5.0 450.0                            LAT/LON1/LON2/DLON/H
   82   69   60   55   53   52   54   57   62   66   66   63   58   55   55   57
   60   61   61   59   57   54   53   51   48   41   35   31   31   32   32   33
   37   46   58   71   82   91  101  114  129  146  163  180  194  205  211  212
  211  211  213  217  222  227  232  235  238  240  239  236  231  225  220  216
  211  204  194  180  162  141  119   99   82
     2.5-180.0 180.0   5.0 450.0                            LAT/LON1/LON2/DLON/H
   85   70   60   54   51   50   51   53   58   61   62   60   56   53   52   54
   56   57   58   57   55   53   51   49   46   40   35   33   34   35   36   37
   40   48   59   71   81   91  101  113  127  143  160  178  194  207  215  218
  219  219  220  223  228  232  236  239  241  243  242  239  235  231  227  223
  218  211  202  189  172  151  127  105   85
