data/data_mgex/CODG3350.19I
     1.0            IONOSPHERE MAPS     GNSS                IONEX VERSION / TYPE
ADDNEQ2 V5.3        AIUB                05-DEC-19 20:20     PGM / RUN BY / DATE 
CODE'S GLOBAL IONOSPHERE MAPS FOR DAY 335, 2019             COMMENT             
Global ionosphere maps (GIM) are generated on a daily basis DESCRIPTION         
at CODE using data from about 300 GNSS sites of the IGS and DESCRIPTION         
other institutions. The vertical total electron content     DESCRIPTION         
(VTEC) is modeled in a solar-geomagnetic reference frame    DESCRIPTION         
using a spherical harmonics expansion up to degree and      DESCRIPTION         
order 15. Piece-wise linear functions are used for          DESCRIPTION         
representation in the time domain. The time spacing of      DESCRIPTION         
their vertices is 1 hour, conforming with the epochs of the DESCRIPTION         
VTEC maps.                                                  DESCRIPTION         
To convert line-of-sight TEC into vertical TEC, a modified  DESCRIPTION         
single-layer model mapping function approximating the JPL   DESCRIPTION         
extended slab model mapping function is adopted. The        DESCRIPTION         
mapping function is evaluated at geodetic satellite         DESCRIPTION         
elevation angles. For the computation of the ionospheric    DESCRIPTION         
pierce points, a spherical layer with a radius of 6821 km   DESCRIPTION         
is assumed, implying geocentric, not geodetic IONEX         DESCRIPTION         
latitudes.                                                  DESCRIPTION         
Instrumental biases with respect to each involved GNSS code DESCRIPTION         
observable are estimated as constant values for each        DESCRIPTION         
day. They are modeled with one set of bias parameters for   DESCRIPTION         
each satellite and each station in case of GPS and for each DESCRIPTION         
satellite-station link in case of GLONASS. The code bias    DESCRIPTION         
datum is defined by zero-mean conditions imposed on the     DESCRIPTION         
satellite bias estimates. In this file, just GPS C1W-C2W    DESCRIPTION         
satellite and station bias values are included. The         DESCRIPTION         
complete set of GNSS code bias results is provided in an    DESCRIPTION         
additional Bias-SINEX file as pseudo-absolute values        DESCRIPTION         
specific to each observable.                                DESCRIPTION         
Note: These GIM results correspond to the results for the   DESCRIPTION         
middle day of a 3-day combination analysis solving for 73   DESCRIPTION         
times 256, or 18688 VTEC parameters and 3 daily sets of     DESCRIPTION         
GNSS code bias parameters.                                  DESCRIPTION         
Contact address: code(at)aiub.unibe.ch                      DESCRIPTION         
Data archive:    ftp.aiub.unibe.ch/CODE/                    DESCRIPTION         
                 www.aiub.unibe.ch/download/CODE/           DESCRIPTION         
  2019    12     1     0     0     0                        EPOCH OF FIRST MAP  
  2019    12     2     0     0     0                        EPOCH OF LAST MAP   
  3600                                                      INTERVAL            
[...]
chti chur cnmr cord cpvg cro1 daej darw dav1 dgar dhlg drao COMMENT             
dubo ebre faa1 fair flin flrs frdn ftna func ganp glps glsv COMMENT             
gmsd gode godz gol2 gold gope gras graz guat guug harb hers COMMENT             
hert hlfx hnpt hob2 hofn holb hrao hyde ieng iisc ineg invk COMMENT             
iqal irkj jog2 joz2 joze karr kerg kir0 kiri kiru kokb kokv COMMENT             
koug kour krgg lama laut lhaz lmmf lpal lpgs m0se mac1 madr COMMENT             
mag0 maju mal2 mana mas1 mat1 mate maw1 mcm4 mdvj medi mets COMMENT             
mgue mizu mkea mnls mobj mobk mobs monp morp mqzg mro1 mtka COMMENT             
nano naur nico nist nium nklg nlib nnor nrc1 nril ntus nya1 COMMENT             
nyal ohi2 ohi3 onsa opmt ous2 pado parc park pdel penc pert COMMENT             
pfa2 pie1 pimo pol2 polv pots pove prds ptbb ptvl qaq1 quin COMMENT             
ramo reun reyk rgdg rio2 riop roth salu samo sant savo sch2 COMMENT             
scor scrz sctb seyg smst sofi spt0 ssia sthl stjo stk2 str2 COMMENT             
suth sutm suwn sydn syog tabl tabv tash tehn thtg thti thu2 COMMENT             
tid1 tidb tixg tixi tlse tong tow2 tro1 tsea tskb twtf txes COMMENT             
uclu ufpr ulab unb3 unbj unsa untr urum usn7 usud vaco vald COMMENT             
vill voim vtsp wab1 wab2 wark wgtn whit will wind wsrt wtza COMMENT             
wtzl wtzr wtzs wtzz xmis yakt yar2 yar3 yarr yell ykro yssk COMMENT             
zamb zeck zim2 zim3 zimm                                    COMMENT             
                                                            END OF HEADER       
[from data line 2574]
     7                                                      START OF TEC MAP    
  2019    12     1     6     0     0                        EPOCH OF CURRENT MAP
    87.5-180.0 180.0   5.0 450.0                            LAT/LON1/LON2/DLON/H
   21   21   21   21   21   21   21   21   21   21   20   20   20   19   19   19
   18   18   18   17   17   17   16   16   16   16   16   16   16   16   16   16
   16   16   16   16   16   16   16   16   16   16   16   16   16   16   16   16
   16   16   16   16   16   16   17   17   17   17   17   17   18   18   18   19
   19   19   20   20   20   20   21   21   21
    85.0-180.0 180.0   5.0 450.0                            LAT/LON1/LON2/DLON/H
   23   24   24   24   25   24   24   24   23   23   22   21   20   19   18   17
   16   15   14   13   13   12   12   11   11   11   11   12   12   12   12   13
   13   13   14   14   14   14   14   14   14   14   14   14   14   14   13   13
   13   13   13   13   13   13   13   13   13   13   14   14   14   15   15   16
   17   17   18   19   20   21   22   22   23
    82.5-180.0 180.0   5.0 450.0                            LAT/LON1/LON2/DLON/H
   23   24   26   26   27   27   27   26   25   24   22   21   19   17   15   13
   11   10    8    7    6    6    6    6    6    6    7    7    8    9   10   11
   11   12   13   13   13   13   13   13   13   13   12   12   12   11   11   11
   10   10   10   10   10   10   10    9    9    9    9    9   10   10   10   11
   12   13   14   16   17   19   20   22   23
    80.0-180.0 180.0   5.0 450.0                            LAT/LON1/LON2/DLON/H
   21   23   25   27   27   28   28   27   26   24   22   19   17   14   11    9
    7    5    3    2    1    0    0    0    1    2    3    4    6    7    8   10
   11   12   13   13   13   13   13   12   12   11   11   10   10    9    9    9
    9    9    9    9    8    8    8    8    7    7    6    6    5    5    5    6
    6    7    9   10   12   14   17   19   21
    77.5-180.0 180.0   5.0 450.0                            LAT/LON1/LON2/DLON/H
   18   20   23   25   26   27   27   26   25   23   20   17   14   11    8    5
    3    1    0    0    0    0    0    0    0    0    1    3    5    7    8   10
   11   12   13   13   13   13   12   11   11   10    9    8    8    8    8    8
    8    9    9   10   10   10   10    9    8    7    6    5    4    3    2    1
    1    2    3    4    6    9   12   15   18
    75.0-180.0 180.0   5.0 450.0                            LAT/LON1/LON2/DLON/H
   13   16   19   21   23   24   24   24   22   20   18   15   12    9    6    3
    1    0    0    0    0    0    0    0    0    1    2    4    5    7    9   10
   12   13   13   13   13   12   11   10    9    8    7    6    6    7    7    8
    9   11   12   13   14   14   14   14   13   11   10    8    6    4    2    0
    0    0    0    0    1    4    7   10   13
    72.5-180.0 180.0   5.0 450.0                            LAT/LON1/LON2/DLON/H
    9   11   14   16   18   19   20   20   19   17   15   12    9    7    4    2
    1    0    0    0    0    1    1    2    3    3    4    5    6    8    9   11
   12   13   13   12   12   10    9    7    6    5    5    5    5    7    8   10
   12   14   16   18   20   20   21   21   20   18   16   14   11    8    5    3
    0    0    0    0    0    1    3    6    9
    70.0-180.0 180.0   5.0 450.0                            LAT/LON1/LON2/DLON/H
    6    8   10   12   13   14   15   14   14   13   11    9    7    6    4    3
    3    3    4    4    5    6    7    7    7    7    7    7    8    8    9   10
   11   11   11   10    9    8    6    4    3    3    3    4    6    8   10   13
   16   19   22   24   26   27   28   28   28   27   25   22   20   16   13    9
    6    3    1    0    0    1    2    4    6
    67.5-180.0 180.0   5.0 450.0                            LAT/LON1/LON2/DLON/H
    6    7    8    9    9   10   10   10    9    9    8    7    6    5    5    5
    6    7    8    9   10   11   12   12   11   11   10    9    8    8    8    9
    9    9    9    8    6    4    2    1    1    1    3    5    8   11   14   17
   21   24   27   29   31   33   34   34   34   34   33   31   29   26   22   19
   15   11    8    6    5    4    4    5    6
    65.0-180.0 180.0   5.0 450.0                            LAT/LON1/LON2/DLON/H
    9    9    9    8    8    7    7    6    6    5    5    5    5    5    6    7
    9   10   11   13   14   14   15   15   14   13   11   10    8    7    7    7
    7    7    6    5    3    1    0    0    0    1    4    7   11   15   19   22
   26   29   31   34   35   37   37   38   39   39   39   39   38   35   32   29
   25   21   17   14   12   11   10   10    9
    62.5-180.0 180.0   5.0 450.0                            LAT/LON1/LON2/DLON/H
   15   14   13   11    9    8    6    5    5    4    4    4    4    5    7    9
   10   12   12   13   14   14   14   14   14   13   12   10    8    7    6    6
    6    6    5    3    1    0    0    0    0    3    7   12   17   21   25   28
   31   34   36   37   38   39   39   40   40   42   43   44   44   43   41   38
   35   31   27   24   21   19   18   16   15
    60.0-180.0 180.0   5.0 450.0                            LAT/LON1/LON2/DLON/H
   23   22   20   17   15   12   10    8    7    6    5    4    5    6    8    9
   11   11   11   11   10   10   11   12   12   12   12   10    8    7    6    6
    6    6    5    4    2    0    0    0    2    7   12   18   23   28   32   35
   37   39   40   41   41   40   40   40   40   42   44   46   48   48   47   45
   42   39   36   32   30   27   26   24   23
    57.5-180.0 180.0   5.0 450.0                            LAT/LON1/LON2/DLON/H
   31   30   29   26   24   21   18   15   12   10    8    7    6    7    8   10
   10   10    9    7    5    5    6    8   10   12   12   12   10    9    8    7
    8    8    7    6    5    3    2    4    7   12   19   25   31   36   39   41
   43   45   46   46   45   43   41   40   40   42   44   47   49   51   51   49
   47   44   41   39   36   34   33   32   31
    55.0-180.0 180.0   5.0 450.0                            LAT/LON1/LON2/DLON/H
   38   39   38   37   34   32   28   25   21   18   14   11    9    8    9   10
   10    9    6    3    0    0    2    6   10   13   15   15   14   12   11   11
   11   12   12   11   10    9    8   10   14   20   27   33   39   43   46   49
   51   52   53   53   51   49   46   43   42   43   45   48   50   51   52   51
   49   47   45   42   40   39   38   38   38
    52.5-180.0 180.0   5.0 450.0                            LAT/LON1/LON2/DLON/H
   43   45   47   47   46   44   41   37   33   28   22   17   13   11   11   11
   11    9    5    1    0    0    1    7   13   18   20   21   19   17   16   15
   15   17   18   18   17   16   16   18   22   28   35   42   47   51   54   56
   58   60   62   62   60   57   53   49   47   47   48   50   51   52   52   51
   49   48   46   44   42   41   41   42   43
    50.0-180.0 180.0   5.0 450.0                            LAT/LON1/LON2/DLON/H
   46   50   53   55   55   55   53   50   46   41   33   26   19   15   14   14
   14   12    8    4    1    2    6   13   20   25   28   28   26   23   21   20
   20   22   24   25   26   26   26   28   31   37   43   49   54   58   60   63
   66   69   71   72   71   67   62   58   55   54   54   54   54   53   52   51
   49   48   46   44   42   41   41   43   46
    47.5-180.0 180.0   5.0 450.0                            LAT/LON1/LON2/DLON/H
   47   52   56   60   62   63   63   62   59   54   46   37   28   22   19   19
   19   17   14   11   10   12   18   25   31   36   38   37   33   29   26   24
   25   27   30   33   34   35   36   38   41   46   52   57   61   63   66   69
   73   77   80   82   81   78   73   69   65   63   62   61   59   57   54   52
   50   49   47   45   43   41   41   43   47
    45.0-180.0 180.0   5.0 450.0                            LAT/LON1/LON2/DLON/H
   46   51   57   61   65   67   70   71   71   67   60   49   39   30   26   25
   26   26   25   24   25   29   34   41   46   48   48   45   40   35   30   28
   29   32   36   40   42   44   46   48   51   55   59   63   66   68   71   74
   78   83   87   90   89   87   84   80   76   74   71   69   66   62   58   56
   54   52   50   47   44   41   41   42   46
    42.5-180.0 180.0   5.0 450.0                            LAT/LON1/LON2/DLON/H
   45   50   54   59   63   67   72   76   79   78   73   63   51   41   35   33
   34   36   38   40   44   49   54   59   61   60   57   52   45   39   34   32
   33   36   41   45   49   52   54   57   60   64   67   70   71   73   74   78
   82   87   92   94   95   94   91   89   86   83   81   77   73   69   65   61
   59   57   55   51   47   44   42   43   45
    40.0-180.0 180.0   5.0 450.0                            LAT/LON1/LON2/DLON/H
   45   47   50   54   58   63   69   77   84   87   84   76   64   52   45   42
   44   47   52   57   63   70   74   75   73   69   63   56   49   43   37   35
   36   39   44   49   54   57   61   65   68   72   74   76   76   77   78   81
   85   90   94   96   97   97   96   95   93   91   88   85   81   76   72   69
   67   64   61   57   52   47   44   44   45
    37.5-180.0 180.0   5.0 450.0                            LAT/LON1/LON2/DLON/H
   45   45   46   47   51   56   64   74   84   91   93   87   76   64   55   52
   53   58   65   73   81   88   90   88   82   74   66   58   51   45   40   38
   39   43   47   52   56   61   65   70   75   79   81   82   82   81   82   84
   88   92   95   97   98   99   99   99   98   96   94   91   88   84   80   77
   75   72   69   64   58   52   48   46   45
    35.0-180.0 180.0   5.0 450.0                            LAT/LON1/LON2/DLON/H
   47   44   43   42   44   48   57   68   81   92   97   95   86   75   65   61
   61   66   75   85   94  100  100   94   84   74   65   58   52   47   43   41
   42   45   49   53   57   61   68   74   80   85   87   88   87   87   87   89
   93   96   99  100  100  101  102  103  102  100   98   96   93   91   88   86
   84   81   76   70   63   57   53   49   47
    32.5-180.0 180.0   5.0 450.0                            LAT/LON1/LON2/DLON/H
   49   45   41   39   39   43   50   61   75   88   96   98   92   83   74   68
   68   72   81   91  101  105  103   94   81   69   61   56   52   48   45   44
   45   47   50   52   55   60   68   76   83   89   92   94   94   93   94   97
  101  104  106  106  106  107  108  108  106  104  102  100   99   98   96   94
   92   89   83   77   69   62   57   53   49
    30.0-180.0 180.0   5.0 450.0                            LAT/LON1/LON2/DLON/H
   51   46   41   38   38   40   46   55   67   81   91   96   94   87   79   74
   72   76   83   92  100  103   98   87   74   62   56   52   51   48   46   45
   47   48   50   51   53   58   66   76   85   92   97   99  100  101  104  108
  112  116  118  118  118  118  118  117  114  110  107  106  106  105  105  103
  100   96   90   83   74   67   61   56   51
    27.5-180.0 180.0   5.0 450.0                            LAT/LON1/LON2/DLON/H
   53   48   44   41   40   42   45   50   60   72   83   90   91   87   81   76
   74   76   82   89   94   95   89   77   64   55   50   49   49   47   46   45
   46   48   48   48   50   55   64   75   85   94  100  104  108  111  115  121
  128  133  136  136  135  134  133  130  125  120  116  114  114  115  114  112
  109  104   98   89   80   72   65   59   53
    25.0-180.0 180.0   5.0 450.0                            LAT/LON1/LON2/DLON/H
   56   51   48   46   46   47   47   49   54   63   72   80   84   84   80   77
   75   75   78   82   85   83   76   65   55   48   46   46   46   45   43   43
   44   45   45   45   46   52   61   73   84   94  102  109  116  122  128  137
  146  153  157  158  157  155  153  148  141  134  129  127  127  127  125  122
  118  113  106   98   87   77   69   62   56
    22.5-180.0 180.0   5.0 450.0                            LAT/LON1/LON2/DLON/H
   59   55   53   53   54   54   53   51   51   55   62   70   75   77   77   75
   73   72   73   74   74   71   64   55   48   44   43   44   43   41   39   39
   40   41   42   41   43   49   59   71   83   94  104  114  124  133  142  153
  164  174  180  181  180  178  175  169  160  152  146  143  142  141  138  134
  129  124  117  108   97   85   75   66   59
    20.0-180.0 180.0   5.0 450.0                            LAT/LON1/LON2/DLON/H
   64   60   59   60   62   62   59   55   51   50   54   60   66   70   72   72
   71   69   68   67   64   61   55   49   45   43   43   42   39   36   34   34
   35   37   37   38   41   48   59   70   82   94  106  119  132  143  155  168
  181  192  199  201  201  198  195  189  180  172  166  163  161  158  153  147
  142  137  131  122  110   96   83   72   64
    17.5-180.0 180.0   5.0 450.0                            LAT/LON1/LON2/DLON/H
   71   66   64   66   69   69   66   59   53   49   49   53   58   63   67   69
   69   67   65   61   58   54   50   47   46   45   44   40   36   31   29   29
   30   32   34   36   41   49   59   71   83   95  109  124  139  153  167  180
  194  206  214  216  216  214  211  206  199  191  186  183  181  177  170  163
  157  152  147  138  126  110   95   81   71
    15.0-180.0 180.0   5.0 450.0                            LAT/LON1/LON2/DLON/H
   81   73   70   70   72   72   69   63   56   51   49   50   54   59   63   66
   67   66   63   59   55   51   49   49   50   49   46   39   32   27   25   25
   27   29   31   35   41   51   61   73   84   97  112  129  146  161  175  189
  203  214  221  224  224  223  222  219  214  208  205  203  200  195  187  179
  172  168  164  157  144  128  110   93   81
    12.5-180.0 180.0   5.0 450.0                            LAT/LON1/LON2/DLON/H
   93   81   75   72   72   72   70   65   60   54   52   52   54   57   61   64
   66   66   63   59   55   52   52   54   56   54   48   39   30   25   23   24
   26   28   30   35   43   54   64   75   86   99  115  133  151  167  181  194
  206  217  223  226  226  226  227  226  224  221  220  219  218  212  204  195
  188  184  181  175  163  147  127  108   93
    10.0-180.0 180.0   5.0 450.0                            LAT/LON1/LON2/DLON/H
  106   91   80   73   70   68   67   65   62   59   57   56   57   59   61   63
   65   66   64   61   57   55   56   59   62   59   50   38   29   25   25   26
   27   28   31   37   46   57   68   78   89  102  119  137  155  171  184  196
  207  216  221  224  225  226  227  229  229  229  230  232  231  226  218  210
  203  199  197  192  182  166  146  125  106
     7.5-180.0 180.0   5.0 450.0                            LAT/LON1/LON2/DLON/H
  119  100   84   73   66   63   62   63   63   63   62   62   62   61   62   62
   64   65   66   63   60   58   60   63   65   61   51   39   30   28   29   30
   30   31   33   40   49   60   70   81   92  105  121  140  157  172  185  196
  206  214  219  221  222  224  227  229  231  233  236  239  240  237  230  222
  215  212  209  206  198  183  163  141  119
     5.0-180.0 180.0   5.0 450.0                            LAT/LON1/LON2/DLON/H
  130  108   88   72   62   57   57   59   62   64   66   67   66   64   62   61
   62   64   65   64   62   60   61   64   65   61   52   41   34   32   34   36
   34   33   36   42   51   62   72   82   94  107  123  140  157  173  186  197
  206  213  218  220  222  224  226  229  231  234  238  242  244  243  238  232
  226  221  219  216  209  197  178  155  130
     2.5-180.0 180.0   5.0 450.0                            LAT/LON1/LON2/DLON/H
  139  114   91   73   60   53   52   55   59   63   67   69   68   65   62   59
   59   61   63   63   61   59   59   62   63   60   52   43   38   38   40   40
   38   36   38   44   53   63   73   83   95  109  124  140  156  172  186  199
  208  216  220  223  226  228  229  229  230  232  237  242  246  246  244  238
  233  228  225  222  217  205  187  164  139
