data/data_mgex/CODG3350.19I
     1.0            IONOSPHERE MAPS     GNSS                IONEX VERSION / TYPE
ADDNEQ2 V5.3        AIUB                05-DEC-19 20:20     PGM / RUN BY / DATE 
CODE'S GLOBAL IONOSPHERE MAPS FOR DAY 335, 2019             COMMENT             
Global ionosphere maps (GIM) are generated on a daily basis DESCRIPTION         
at CODE using data from about 300 GNSS sites of the IGS and DESCRIPTION         
other institutions. The vertical total electron content     DESCRIPTION         
(VTEC) is modeled in a solar-geomagnetic reference frame    DESCRIPTION         
using a spherical harmonics expansion up to degree and      DESCRIPTION         
order 15. Piece-wise linear functions are used for          DESCRIPTION         
representation in the time domain. The time spacing of      DESCRIPTION         
their vertices is 1 hour, conforming with the epochs of the DESCRIPTION         
VTEC maps.                                                  DESCRIPTION         
To convert line-of-sight TEC into vertical TEC, a modified  DESCRIPTION         
single-layer model mapping function approximating the JPL   DESCRIPTION         
extended slab model mapping function is adopted. The        DESCRIPTION         
mapping function is evaluated at geodetic satellite         DESCRIPTION         
elevation angles. For the computation of the ionospheric    DESCRIPTION         
pierce points, a spherical layer with a radius of 6821 km   DESCRIPTION         
is assumed, implying geocentric, not geodetic IONEX         DESCRIPTION         
latitudes.                                                  DESCRIPTION         
Instrumental biases with respect to each involved GNSS code DESCRIPTION         
observable are estimated as constant values for each        DESCRIPTION         
day. They are modeled with one set of bias parameters for   DESCRIPTION         
each satellite and each station in case of GPS and for each DESCRIPTION         
satellite-station link in case of GLONASS. The code bias    DESCRIPTION         
datum is defined by zero-mean conditions imposed on the     DESCRIPTION         
satellite bias estimates. In this file, just GPS C1W-C2W    DESCRIPTION         
satellite and station bias values are included. The         DESCRIPTION         
complete set of GNSS code bias results is provided in an    DESCRIPTION         
additional Bias-SINEX file as pseudo-absolute values        DESCRIPTION         
specific to each observable.                                DESCRIPTION         
Note: These GIM results correspond to the results for the   DESCRIPTION         
middle day of a 3-day combination analysis solving for 73   DESCRIPTION         
times 256, or 18688 VTEC parameters and 3 daily sets of     DESCRIPTION         
GNSS code bias parameters.                                  DESCRIPTION         
Contact address: code(at)aiub.unibe.ch                      DESCRIPTION         
Data archive:    ftp.aiub.unibe.ch/CODE/                    DESCRIPTION         
                 www.aiub.unibe.ch/download/CODE/           DESCRIPTION         
  2019    12     1     0     0     0                        EPOCH OF FIRST MAP  
  2019    12     2     0     0     0                        EPOCH OF LAST MAP   
  3600                                                      INTERVAL            
[...]
chti chur cnmr cord cpvg cro1 daej darw dav1 dgar dhlg drao COMMENT             
dubo ebre faa1 fair flin flrs frdn ftna func ganp glps glsv COMMENT             
gmsd gode godz gol2 gold gope gras graz guat guug harb hers COMMENT             
hert hlfx hnpt hob2 hofn holb hrao hyde ieng iisc ineg invk COMMENT             
iqal irkj jog2 joz2 joze karr kerg kir0 kiri kiru kokb kokv COMMENT             
koug kour krgg lama laut lhaz lmmf lpal lpgs m0se mac1 madr COMMENT             
mag0 maju mal2 mana mas1 mat1 mate maw1 mcm4 mdvj medi mets COMMENT             
mgue mizu mkea mnls mobj mobk mobs monp morp mqzg mro1 mtka COMMENT             
nano naur nico nist nium nklg nlib nnor nrc1 nril ntus nya1 COMMENT             
nyal ohi2 ohi3 onsa opmt ous2 pado parc park pdel penc pert COMMENT             
pfa2 pie1 pimo pol2 polv pots pove prds ptbb ptvl qaq1 quin COMMENT             
ramo reun reyk rgdg rio2 riop roth salu samo sant savo sch2 COMMENT             
scor scrz sctb seyg smst sofi spt0 ssia sthl stjo stk2 str2 COMMENT             
suth sutm suwn sydn syog tabl tabv tash tehn thtg thti thu2 COMMENT             
tid1 tidb tixg tixi tlse tong tow2 tro1 tsea tskb twtf txes COMMENT             
uclu ufpr ulab unb3 unbj unsa untr urum usn7 usud vaco vald COMMENT             
vill voim vtsp wab1 wab2 wark wgtn whit will wind wsrt wtza COMMENT             
wtzl wtzr wtzs wtzz xmis yakt yar2 yar3 yarr yell ykro yssk COMMENT             
zamb zeck zim2 zim3 zimm                                    COMMENT             
                                                            END OF HEADER       
[from data line 9009]
    22                                                      START OF TEC MAP    
  2019    12     1    21     0     0                        EPOCH OF CURRENT MAP
    87.5-180.0 180.0   5.0 450.0                            LAT/LON1/LON2/DLON/H
    5    5    6    6    6    6    7    7    7    7    7    7    7    7    7    6
    6    6    6    5    5    4    4    3    3    2    2    1    1    0    0    0
    0    0    0    0    0    0    0    0    0    0    0    0    0    0    0    0
    0    0    1    1    1    1    2    2    2    2    2    3    3    3    3    3
    3    4    4    4    4    4    5    5    5
    85.0-180.0 180.0   5.0 450.0                            LAT/LON1/LON2/DLON/H
    7    8    8    9   10   11   11   12   13   13   14   14   14   14   14   13
   13   12   12   11   10    9    7    6    5    4    2    1    0    0    0    0
    0    0    0    0    0    0    0    0    0    0    0    0    0    0    0    0
    1    1    2    3    3    3    4    4    4    4    4    4    4    4    4    4
    4    4    4    5    5    5    6    6    7
    82.5-180.0 180.0   5.0 450.0                            LAT/LON1/LON2/DLON/H
    7    8   10   11   12   14   15   17   18   19   20   21   22   22   22   22
   21   20   19   18   16   14   12   10    8    6    4    2    0    0    0    0
    0    0    0    0    0    0    0    0    0    0    0    0    0    0    1    2
    4    5    5    6    7    7    7    7    7    7    7    6    6    5    5    4
    4    4    4    4    4    5    5    6    7
    80.0-180.0 180.0   5.0 450.0                            LAT/LON1/LON2/DLON/H
    6    8   10   12   14   16   19   21   23   25   26   27   28   29   29   29
   28   27   26   24   22   20   18   15   13   10    7    5    2    0    0    0
    0    0    0    0    0    0    0    0    0    0    0    0    1    3    4    6
    7    8    9   10   10   11   11   10   10    9    9    8    7    6    5    4
    3    3    2    2    2    3    4    5    6
    77.5-180.0 180.0   5.0 450.0                            LAT/LON1/LON2/DLON/H
    6    8   10   13   16   18   21   24   26   28   30   32   33   34   34   34
   33   33   31   30   27   25   22   20   17   14   11    8    5    3    1    0
    0    0    0    0    0    0    0    0    0    0    0    2    3    5    7    8
   10   11   12   13   13   13   13   12   12   11   10    9    8    7    5    4
    3    2    2    1    1    2    2    4    6
    75.0-180.0 180.0   5.0 450.0                            LAT/LON1/LON2/DLON/H
    6    8   11   14   17   20   23   26   29   31   33   34   35   36   36   36
   36   35   34   32   30   28   25   22   19   16   14   11    8    6    5    3
    2    1    1    0    0    0    0    0    0    1    2    3    5    6    8   10
   11   12   13   14   14   14   13   13   12   11   10    9    8    7    6    5
    4    3    2    2    1    2    3    4    6
    72.5-180.0 180.0   5.0 450.0                            LAT/LON1/LON2/DLON/H
    8   11   14   17   20   23   26   28   30   32   34   35   36   36   37   36
   36   35   34   32   30   28   26   23   20   18   15   13   11    9    8    7
    6    5    5    4    3    3    2    2    2    2    3    4    5    7    8   10
   11   12   13   13   13   12   12   11   10   10    9    9    8    8    8    7
    6    5    4    4    4    4    5    6    8
    70.0-180.0 180.0   5.0 450.0                            LAT/LON1/LON2/DLON/H
   13   16   18   21   24   27   29   31   32   34   35   35   36   36   36   35
   35   33   32   30   28   26   24   22   19   17   15   13   11   10    9    9
    8    8    8    7    6    5    4    3    2    2    3    3    5    6    7    9
   10   10   11   11   10   10    9    9    8    8    8    9    9   10   10   10
   10    9    9    8    8    8    9   11   13
    67.5-180.0 180.0   5.0 450.0                            LAT/LON1/LON2/DLON/H
   20   22   25   28   30   32   33   34   35   35   36   36   36   36   36   35
   34   32   30   28   26   24   21   19   17   15   13   11   10    9    9    9
    9    9    8    8    6    5    4    3    2    2    2    3    4    5    7    8
    9    9    9    9    8    8    7    6    6    7    8    9   11   12   13   14
   15   15   14   14   14   14   16   17   20
    65.0-180.0 180.0   5.0 450.0                            LAT/LON1/LON2/DLON/H
   27   30   33   35   37   38   38   39   39   38   38   38   38   37   37   36
   35   33   30   27   24   21   19   16   14   12   11    9    8    8    8    8
    8    8    7    6    5    4    3    2    2    2    3    4    5    6    7    8
    9    9    9    9    8    7    7    6    6    7    8   10   13   15   17   19
   20   20   20   20   20   21   22   25   27
    62.5-180.0 180.0   5.0 450.0                            LAT/LON1/LON2/DLON/H
   36   39   41   43   45   45   45   44   43   42   41   41   41   41   41   40
   39   36   32   28   24   20   17   15   12   10    9    7    6    6    6    6
    6    6    5    4    3    2    2    2    2    4    5    6    8    9   10   10
   10   10   10   10   10    9    9    8    9    9   11   13   16   18   21   23
   24   24   24   25   25   27   29   32   36
    60.0-180.0 180.0   5.0 450.0                            LAT/LON1/LON2/DLON/H
   43   47   50   52   53   53   52   51   49   47   45   45   45   46   46   46
   45   41   37   31   26   21   18   15   12   10    8    7    6    5    5    5
    5    5    4    3    2    2    2    3    5    8   10   12   13   14   14   14
   14   14   14   14   15   14   14   14   14   14   16   17   20   22   24   25
   26   27   27   27   29   31   34   39   43
    57.5-180.0 180.0   5.0 450.0                            LAT/LON1/LON2/DLON/H
   50   55   58   61   62   61   60   58   56   53   50   49   49   51   52   53
   52   49   43   37   30   24   20   17   14   12   10    9    8    7    7    7
    7    6    5    4    4    4    5    8   11   14   17   20   21   21   20   20
   20   20   20   21   22   22   22   22   22   22   22   23   24   25   26   27
   27   27   27   28   30   34   38   44   50
    55.0-180.0 180.0   5.0 450.0                            LAT/LON1/LON2/DLON/H
   55   61   66   68   70   70   69   67   64   60   56   54   53   55   58   60
   59   56   50   43   35   29   25   21   19   17   15   13   12   11   11   11
   11   11   10    9    9   10   12   15   19   23   27   29   30   29   28   27
   26   26   27   29   30   31   32   31   31   30   30   29   29   28   28   27
   26   26   26   28   30   35   41   48   55
    52.5-180.0 180.0   5.0 450.0                            LAT/LON1/LON2/DLON/H
   60   67   72   75   77   79   79   77   74   69   63   59   57   59   62   64
   64   61   56   48   41   35   31   28   26   24   22   20   19   18   18   19
   19   18   18   17   17   19   21   25   29   34   37   39   39   37   35   34
   33   34   35   37   39   41   42   41   41   40   38   37   34   32   29   27
   25   24   24   26   30   36   43   52   60
    50.0-180.0 180.0   5.0 450.0                            LAT/LON1/LON2/DLON/H
   63   71   77   81   84   86   88   88   85   79   71   65   61   62   65   67
   68   65   60   54   47   42   38   36   34   32   30   28   27   27   27   28
   28   28   28   28   28   30   32   36   40   44   46   47   46   44   42   40
   40   41   43   45   48   50   50   50   49   48   46   44   41   36   32   27
   24   23   23   26   30   37   45   54   63
    47.5-180.0 180.0   5.0 450.0                            LAT/LON1/LON2/DLON/H
   66   74   79   84   88   93   97   99   97   90   81   72   67   66   67   69
   70   68   64   59   54   50   47   45   43   42   39   37   36   35   36   37
   38   39   39   39   40   41   43   46   49   52   54   54   53   50   48   46
   46   48   50   52   55   56   57   57   56   55   54   51   47   41   35   29
   25   23   23   26   31   38   47   57   66
    45.0-180.0 180.0   5.0 450.0                            LAT/LON1/LON2/DLON/H
   67   75   80   85   90   96  104  109  109  103   93   82   75   71   71   72
   72   70   67   64   61   58   57   55   54   52   49   46   44   43   44   45
   46   48   49   50   51   52   53   54   56   58   59   59   57   55   53   52
   52   54   56   58   59   60   61   61   60   60   59   57   53   47   39   32
   27   25   26   29   34   41   50   59   67
    42.5-180.0 180.0   5.0 450.0                            LAT/LON1/LON2/DLON/H
   68   74   79   83   89   97  107  116  118  114  105   93   85   79   77   76
   75   74   72   71   70   69   68   66   65   62   58   54   51   49   49   50
   52   54   56   58   60   61   61   61   62   62   63   62   61   59   57   56
   57   58   60   61   62   62   62   62   62   62   63   62   59   53   45   36
   30   28   30   34   39   45   52   60   68
    40.0-180.0 180.0   5.0 450.0                            LAT/LON1/LON2/DLON/H
   68   73   76   79   85   94  107  119  125  123  116  105   96   90   86   83
   81   79   79   80   80   80   79   78   76   72   68   62   57   54   53   53
   55   57   61   64   66   67   67   66   65   65   66   65   64   62   61   60
   61   62   62   62   62   61   61   61   61   62   64   65   63   58   50   41
   35   33   35   39   44   50   56   62   68
    37.5-180.0 180.0   5.0 450.0                            LAT/LON1/LON2/DLON/H
   68   72   73   75   80   89  103  117  127  129  124  116  108  102   96   92
   89   87   88   91   92   92   91   89   87   82   77   70   63   58   55   54
   56   59   63   67   70   72   71   70   69   69   69   69   67   65   64   63
   64   64   63   62   60   59   59   59   59   61   64   66   66   62   54   46
   40   38   40   44   49   54   59   64   68
    35.0-180.0 180.0   5.0 450.0                            LAT/LON1/LON2/DLON/H
   69   71   72   72   75   83   97  112  124  129  128  123  118  113  107  102
   98   97   99  101  103  103  101   99   96   92   85   77   69   62   57   56
   56   60   65   70   73   75   75   73   72   72   73   73   71   69   66   65
   64   64   62   59   57   56   56   56   57   59   62   66   67   64   57   50
   44   42   45   49   54   58   62   65   69
    32.5-180.0 180.0   5.0 450.0                            LAT/LON1/LON2/DLON/H
   71   73   73   73   73   79   91  105  118  125  127  126  124  121  116  111
  107  106  108  110  111  110  108  105  103   99   92   84   74   67   61   59
   59   62   67   72   76   78   78   77   76   77   78   78   76   72   68   65
   63   61   59   56   54   53   54   54   55   56   60   63   65   64   58   52
   47   46   48   53   58   62   65   68   71
    30.0-180.0 180.0   5.0 450.0                            LAT/LON1/LON2/DLON/H
   75   78   79   77   76   79   87   99  111  119  123  125  126  125  122  117
  113  112  114  115  114  112  109  108  107  104   98   89   80   72   67   64
   64   67   71   76   79   81   81   81   80   82   83   82   79   73   68   63
   60   58   55   51   50   50   52   53   53   54   56   60   62   61   57   52
   48   48   51   56   61   65   68   72   75
    27.5-180.0 180.0   5.0 450.0                            LAT/LON1/LON2/DLON/H
   81   86   88   88   85   84   88   96  105  113  119  122  125  126  124  120
  116  115  115  115  112  109  106  106  107  106  101   94   86   79   75   73
   73   75   77   80   82   83   83   83   84   85   86   85   80   73   66   60
   56   53   50   47   46   48   50   52   52   52   53   56   58   57   55   51
   49   49   53   59   64   69   73   77   81
    25.0-180.0 180.0   5.0 450.0                            LAT/LON1/LON2/DLON/H
   90   97  102  102   99   95   95   98  105  111  116  120  123  125  124  121
  117  115  112  109  105  101  100  102  105  105  102   96   90   86   84   83
   84   85   85   85   85   84   84   84   84   86   87   85   79   71   62   56
   52   49   46   43   43   45   48   50   51   50   50   51   52   52   50   49
   49   51   55   61   67   73   78   83   90
    22.5-180.0 180.0   5.0 450.0                            LAT/LON1/LON2/DLON/H
  100  109  117  120  118  112  108  108  112  116  119  122  124  126  125  122
  118  113  108  102   96   92   93   97  101  103  100   96   93   91   92   94
   95   95   93   90   86   83   82   81   82   83   84   81   75   67   58   52
   48   46   43   41   40   43   46   48   48   47   46   46   46   46   46   46
   48   52   58   65   72   78   85   92  100
    20.0-180.0 180.0   5.0 450.0                            LAT/LON1/LON2/DLON/H
  111  122  133  139  137  131  125  123  125  128  130  131  132  132  130  127
  121  114  106   98   91   87   89   95   99  101   98   95   94   96   99  103
  105  104  100   93   86   81   78   77   77   78   78   75   69   62   54   49
   46   44   42   39   38   40   43   45   45   44   43   42   41   41   41   44
   48   55   62   69   77   85   93  101  111
    17.5-180.0 180.0   5.0 450.0                            LAT/LON1/LON2/DLON/H
  122  134  147  155  156  151  145  142  144  147  149  149  147  146  143  137
  130  120  109   99   92   90   93   98  102  101   97   95   96   99  104  109
  111  110  104   95   84   77   72   71   71   71   70   67   62   56   50   46
   45   44   42   39   37   37   39   41   42   41   39   38   37   36   38   42
   49   57   66   75   83   93  102  111  122
    15.0-180.0 180.0   5.0 450.0                            LAT/LON1/LON2/DLON/H
  132  144  158  168  172  169  164  163  166  171  173  173  171  167  163  156
  146  134  122  111  105  104  107  110  110  105  100   97   98  102  108  112
  115  113  106   95   82   73   68   66   65   64   62   59   55   51   47   45
   45   45   42   39   36   35   36   37   38   38   37   35   34   33   36   42
   50   61   71   80   91  101  111  121  132
    12.5-180.0 180.0   5.0 450.0                            LAT/LON1/LON2/DLON/H
  140  152  166  177  183  183  181  182  187  195  200  201  199  195  189  181
  170  157  144  134  129  129  131  130  124  115  106  102  103  106  110  114
  116  114  107   95   82   72   66   64   62   60   57   53   50   47   45   45
   46   46   44   40   36   34   34   35   36   36   36   34   33   32   35   42
   52   64   75   86   98  109  120  130  140
    10.0-180.0 180.0   5.0 450.0                            LAT/LON1/LON2/DLON/H
  148  158  171  182  190  193  194  198  206  218  226  230  228  225  219  210
  198  185  173  166  163  164  163  157  144  129  117  112  111  112  113  114
  115  114  108   97   84   74   69   67   64   60   55   50   47   45   45   46
   47   47   45   41   37   34   33   34   35   36   36   35   33   33   36   44
   55   67   80   92  104  116  128  139  148
     7.5-180.0 180.0   5.0 450.0                            LAT/LON1/LON2/DLON/H
  154  163  174  186  195  201  204  210  221  235  247  254  255  252  247  238
  227  215  206  201  201  202  197  185  167  147  132  125  122  120  118  116
  116  115  111  102   91   82   78   75   71   65   58   51   46   45   45   46
   48   47   45   42   39   37   36   36   37   38   38   36   35   35   39   47
   58   71   83   96  108  122  135  145  154
     5.0-180.0 180.0   5.0 450.0                            LAT/LON1/LON2/DLON/H
  159  167  177  189  200  208  213  221  232  248  261  271  274  273  269  261
  251  241  235  235  237  237  229  211  188  165  149  141  136  131  124  119
  118  118  116  109  101   94   90   88   83   75   64   55   49   46   46   47
   48   48   46   44   42   41   40   40   41   42   41   39   38   38   42   50
   61   74   86   98  111  125  138  150  159
     2.5-180.0 180.0   5.0 450.0                            LAT/LON1/LON2/DLON/H
  162  170  180  193  206  216  223  230  241  255  269  280  285  286  282  275
  266  259  257  260  264  263  252  231  205  181  166  157  151  142  132  124
  122  123  123  119  112  107  105  102   97   86   74   62   54   50   49   50
   49   48   47   47   47   46   46   46   47   47   45   43   41   43   47   55
   65   76   88   99  111  125  139  152  162
