data/data_mgex/CODG3350.19I
     1.0            IONOSPHERE MAPS     GNSS                IONEX VERSION / TYPE
ADDNEQ2 V5.3        AIUB                05-DEC-19 20:20     PGM / RUN BY / DATE 
CODE'S GLOBAL IONOSPHERE MAPS FOR DAY 335, 2019             COMMENT             
Global ionosphere maps (GIM) are generated on a daily basis DESCRIPTION         
at CODE using data from about 300 GNSS sites of the IGS and DESCRIPTION         
other institutions. The vertical total electron content     DESCRIPTION         
(VTEC) is modeled in a solar-geomagnetic reference frame    DESCRIPTION         
using a spherical harmonics expansion up to degree and      DESCRIPTION         
order 15. Piece-wise linear functions are used for          DESCRIPTION         
representation in the time domain. The time spacing of      DESCRIPTION         
their vertices is 1 hour, conforming with the epochs of the DESCRIPTION         
VTEC maps.                                                  DESCRIPTION         
To convert line-of-sight TEC into vertical TEC, a modified  DESCRIPTION         
single-layer model mapping function approximating the JPL   DESCRIPTION         
extended slab model mapping function is adopted. The        DESCRIPTION         
mapping function is evaluated at geodetic satellite         DESCRIPTION         
elevation angles. For the computation of the ionospheric    DESCRIPTION         
pierce points, a spherical layer with a radius of 6821 km   DESCRIPTION         
is assumed, implying geocentric, not geodetic IONEX         DESCRIPTION         
latitudes.                                                  DESCRIPTION         
Instrumental biases with respect to each involved GNSS code DESCRIPTION         
observable are estimated as constant values for each        DESCRIPTION         
day. They are modeled with one set of bias parameters for   DESCRIPTION         
each satellite and each station in case of GPS and for each DESCRIPTION         
satellite-station link in case of GLONASS. The code bias    DESCRIPTION         
datum is defined by zero-mean conditions imposed on the     DESCRIPTION         
satellite bias estimates. In this file, just GPS C1W-C2W    DESCRIPTION         
satellite and station bias values are included. The         DESCRIPTION         
complete set of GNSS code bias results is provided in an    DESCRIPTION         
additional Bias-SINEX file as pseudo-absolute values        DESCRIPTION         
specific to each observable.                                DESCRIPTION         
Note: These GIM results correspond to the results for the   DESCRIPTION         
middle day of a 3-day combination analysis solving for 73   DESCRIPTION         
times 256, or 18688 VTEC parameters and 3 daily sets of     DESCRIPTION         
GNSS code bias parameters.                                  DESCRIPTION         
Contact address: code(at)aiub.unibe.ch                      DESCRIPTION         
Data archive:    ftp.aiub.unibe.ch/CODE/                    DESCRIPTION         
                 www.aiub.unibe.ch/download/CODE/           DESCRIPTION         
  2019    12     1     0     0     0                        EPOCH OF FIRST MAP  
  2019    12     2     0     0     0                        EPOCH OF LAST MAP   
  3600                                                      INTERVAL            
[...]
chti chur cnmr cord cpvg cro1 daej darw dav1 dgar dhlg drao COMMENT             
dubo ebre faa1 fair flin flrs frdn ftna func ganp glps glsv COMMENT             
gmsd gode godz gol2 gold gope gras graz guat guug harb hers COMMENT             
hert hlfx hnpt hob2 hofn holb hrao hyde ieng iisc ineg invk COMMENT             
iqal irkj jog2 joz2 joze karr kerg kir0 kiri kiru kokb kokv COMMENT             
koug kour krgg lama laut lhaz lmmf lpal lpgs m0se mac1 madr COMMENT             
mag0 maju mal2 mana mas1 mat1 mate maw1 mcm4 mdvj medi mets COMMENT             
mgue mizu mkea mnls mobj mobk mobs monp morp mqzg mro1 mtka COMMENT             
nano naur nico nist nium nklg nlib nnor nrc1 nril ntus nya1 COMMENT             
nyal ohi2 ohi3 onsa opmt ous2 pado parc park pdel penc pert COMMENT             
pfa2 pie1 pimo pol2 polv pots pove prds ptbb ptvl qaq1 quin COMMENT             
ramo reun reyk rgdg rio2 riop roth salu samo sant savo sch2 COMMENT             
scor scrz sctb seyg smst sofi spt0 ssia sthl stjo stk2 str2 COMMENT             
suth sutm suwn sydn syog tabl tabv tash tehn thtg thti thu2 COMMENT             
tid1 tidb tixg tixi tlse tong tow2 tro1 tsea tskb twtf txes COMMENT             
uclu ufpr ulab unb3 unbj unsa untr urum usn7 usud vaco vald COMMENT             
vill voim vtsp wab1 wab2 wark wgtn whit will wind wsrt wtza COMMENT             
wtzl wtzr wtzs wtzz xmis yakt yar2 yar3 yarr yell ykro yssk COMMENT             
zamb zeck zim2 zim3 zimm                                    COMMENT             
                                                            END OF HEADER       
[from data line 2145]
     6                                                      START OF TEC MAP    
  2019    12     1     5     0     0                        EPOCH OF CURRENT MAP
    87.5-180.0 180.0   5.0 450.0                            LAT/LON1/LON2/DLON/H
   19   19   19   19   19   19   19   19   19   19   18   18   18   17   17   17
   16   16   16   15   15   15   15   15   14   14   14   14   14   14   14   15
   15   15   15   15   15   15   15   15   15   15   15   15   15   15   15   15
   15   15   15   15   15   15   16   16   16   16   16   16   16   17   17   17
   17   18   18   18   18   19   19   19   19
    85.0-180.0 180.0   5.0 450.0                            LAT/LON1/LON2/DLON/H
   21   21   22   22   22   22   22   22   21   20   20   19   18   17   16   15
   14   13   12   11   11   10   10   10   10   10   10   10   11   11   12   12
   13   13   14   14   14   15   15   15   15   15   15   14   14   14   14   14
   13   13   13   13   13   13   13   13   13   13   13   13   14   14   15   15
   16   16   17   18   18   19   20   20   21
    82.5-180.0 180.0   5.0 450.0                            LAT/LON1/LON2/DLON/H
   21   23   23   24   24   25   24   24   23   22   21   19   17   15   13   12
   10    8    7    5    5    4    4    4    4    5    5    6    8    9   10   11
   12   13   14   15   15   15   15   15   15   14   14   14   13   13   12   12
   11   11   11   11   10   10   10   10   10   10   10   10   10   11   11   12
   12   13   14   15   17   18   19   20   21
    80.0-180.0 180.0   5.0 450.0                            LAT/LON1/LON2/DLON/H
   20   22   23   24   25   26   25   25   24   22   21   18   16   13   11    8
    5    3    1    0    0    0    0    0    0    0    2    4    5    7    9   11
   13   14   15   16   16   16   16   15   15   14   13   12   12   11   10   10
   10   10    9    9    9    9    9    9    9    8    8    8    8    8    8    8
    9   10   11   12   13   15   17   18   20
    77.5-180.0 180.0   5.0 450.0                            LAT/LON1/LON2/DLON/H
   17   19   21   23   24   24   25   24   23   22   20   17   14   11    8    5
    2    0    0    0    0    0    0    0    0    0    0    3    5    8   10   12
   14   16   17   17   17   17   16   15   14   13   11   10   10    9    9    9
    9    9   10   10   10   10   10   10   10   10    9    8    8    7    7    6
    7    7    7    8   10   11   13   15   17
    75.0-180.0 180.0   5.0 450.0                            LAT/LON1/LON2/DLON/H
   14   16   17   19   20   21   22   21   21   19   17   15   12    9    6    3
    1    0    0    0    0    0    0    0    0    0    1    3    6    8   11   13
   15   17   18   18   17   16   15   13   11   10    9    8    7    7    8    8
    9   10   11   12   13   14   14   14   14   14   13   12   11   10    9    8
    7    6    6    7    7    9   10   12   14
    72.5-180.0 180.0   5.0 450.0                            LAT/LON1/LON2/DLON/H
   11   12   14   15   16   17   17   17   17   16   14   12   10    8    6    4
    2    0    0    0    0    0    0    0    1    2    4    5    7   10   12   14
   15   16   17   17   16   14   12   10    8    6    5    5    5    6    7    9
   11   12   14   16   18   19   20   20   20   20   19   18   17   15   14   12
   10    9    8    8    7    8    8   10   11
    70.0-180.0 180.0   5.0 450.0                            LAT/LON1/LON2/DLON/H
   10   10   11   11   12   12   12   12   12   12   11    9    8    7    6    5
    4    4    4    4    4    4    5    5    6    6    7    8    9   10   11   13
   14   14   14   14   12   10    8    6    4    3    2    3    4    6    8   10
   13   16   18   20   22   24   25   26   27   27   27   26   25   23   21   19
   17   15   13   12   10   10    9    9   10
    67.5-180.0 180.0   5.0 450.0                            LAT/LON1/LON2/DLON/H
   11   10   10    9    9    9    9    9    8    8    7    7    7    6    7    7
    8    8    9   10   10   11   11   11   11   10   10   10    9    9   10   11
   11   11   11    9    8    5    3    1    0    0    1    2    4    7   10   14
   17   20   22   25   27   28   30   31   32   33   33   33   33   32   30   28
   25   23   20   18   16   15   13   12   11
    65.0-180.0 180.0   5.0 450.0                            LAT/LON1/LON2/DLON/H
   16   14   12   11    9    8    7    7    6    5    5    5    5    6    8    9
   11   12   13   14   14   14   14   14   14   13   11   10    9    8    8    8
    8    7    7    5    3    1    0    0    0    0    1    4    7   11   14   18
   21   24   27   29   30   32   33   34   36   37   38   39   40   39   38   36
   34   31   28   26   24   22   20   18   16
    62.5-180.0 180.0   5.0 450.0                            LAT/LON1/LON2/DLON/H
   22   20   17   15   13   11    9    8    7    5    5    4    5    6    8   11
   13   15   15   15   15   15   15   14   14   13   12   10    8    7    6    5
    5    5    4    2    1    0    0    0    0    0    3    7   11   16   20   24
   27   29   31   33   34   34   35   36   38   39   41   43   45   45   44   43
   41   39   36   34   32   30   27   25   22
    60.0-180.0 180.0   5.0 450.0                            LAT/LON1/LON2/DLON/H
   30   27   25   22   20   17   15   12   10    8    6    5    5    6    9   11
   14   15   15   14   12   11   11   11   12   12   11    9    8    6    5    4
    4    4    3    2    0    0    0    0    0    3    7   12   17   22   26   30
   33   35   37   38   38   38   37   38   39   40   43   45   47   48   48   47
   46   44   42   41   39   37   35   33   30
    57.5-180.0 180.0   5.0 450.0                            LAT/LON1/LON2/DLON/H
   38   35   33   31   29   26   23   20   17   13   10    8    7    7    9   12
   14   14   12   10    7    5    5    7    9   10   11   10    9    7    6    6
    6    6    5    4    3    2    2    3    5    9   13   18   23   28   32   36
   39   42   44   44   44   42   41   40   40   41   43   46   48   49   50   49
   48   47   46   45   44   43   42   40   38
    55.0-180.0 180.0   5.0 450.0                            LAT/LON1/LON2/DLON/H
   44   42   41   40   38   36   33   30   26   21   16   12    9    9   10   12
   13   12   10    5    2    0    0    3    7   11   13   13   13   11   10   10
   10   10   10    9    8    8    8    9   12   15   20   25   29   34   38   43
   46   50   52   53   52   50   47   45   43   43   45   47   49   50   50   50
   49   48   48   48   48   48   47   45   44
    52.5-180.0 180.0   5.0 450.0                            LAT/LON1/LON2/DLON/H
   48   47   48   48   47   46   44   41   36   31   25   19   14   11   11   12
   13   12    8    3    0    0    0    3    9   15   18   19   19   17   16   16
   16   16   16   16   16   16   16   17   19   23   27   31   35   40   44   49
   54   58   61   63   62   60   56   52   49   48   48   49   50   51   50   50
   49   48   49   50   51   51   50   49   48
    50.0-180.0 180.0   5.0 450.0                            LAT/LON1/LON2/DLON/H
   50   51   52   54   55   55   53   51   47   42   35   27   21   16   14   14
   15   14   10    5    1    0    3    9   17   23   27   28   27   25   23   22
   22   23   24   24   24   25   25   26   28   30   33   37   41   45   50   55
   61   67   71   73   73   71   66   62   57   55   53   53   53   53   52   51
   49   49   50   52   53   53   52   50   50
    47.5-180.0 180.0   5.0 450.0                            LAT/LON1/LON2/DLON/H
   51   52   55   57   60   61   61   60   57   53   47   38   29   22   19   18
   19   18   15   11    9    9   14   21   29   35   38   38   35   32   30   29
   28   29   30   32   33   34   34   35   36   38   40   43   47   51   55   61
   68   74   80   83   83   81   77   72   67   63   60   59   58   57   55   53
   52   51   52   54   55   55   53   51   51
    45.0-180.0 180.0   5.0 450.0                            LAT/LON1/LON2/DLON/H
   51   52   55   59   62   64   65   66   66   63   58   50   40   31   26   24
   24   25   24   23   23   25   31   39   46   50   50   47   43   39   35   34
   33   34   36   38   40   42   43   44   45   46   48   51   53   57   61   67
   74   81   87   90   91   89   86   81   76   72   69   67   65   63   61   58
   56   55   56   58   58   57   55   52   51
    42.5-180.0 180.0   5.0 450.0                            LAT/LON1/LON2/DLON/H
   51   52   55   59   62   64   66   69   71   72   69   63   53   42   35   32
   32   33   35   37   41   46   53   59   64   64   61   56   49   44   40   37
   37   38   40   43   46   48   50   51   52   54   56   59   62   64   68   73
   79   85   91   94   95   94   92   88   84   80   77   74   73   71   68   65
   62   61   62   63   63   60   57   53   51
    40.0-180.0 180.0   5.0 450.0                            LAT/LON1/LON2/DLON/H
   52   52   54   57   60   63   65   69   73   78   79   74   65   55   45   41
   40   43   47   53   60   67   74   78   79   76   69   61   53   47   42   40
   39   40   43   46   50   53   55   57   59   61   65   68   71   73   75   78
   83   88   92   95   97   96   95   93   90   87   84   82   80   78   76   72
   69   68   68   68   68   64   60   55   52
    37.5-180.0 180.0   5.0 450.0                            LAT/LON1/LON2/DLON/H
   53   52   53   55   58   59   62   66   73   80   85   84   77   67   57   50
   49   52   59   68   77   85   91   93   90   82   73   63   55   49   44   42
   42   43   45   48   52   55   58   61   64   68   73   77   80   82   82   83
   86   90   93   95   97   97   97   96   95   93   90   89   87   86   84   80
   77   76   75   75   73   69   63   57   53
    35.0-180.0 180.0   5.0 450.0                            LAT/LON1/LON2/DLON/H
   54   52   52   53   55   56   57   62   70   80   88   91   87   78   67   60
   57   60   68   79   89   98  102  100   93   83   71   62   54   49   46   45
   44   45   47   49   52   56   59   63   68   73   80   85   89   90   89   89
   89   92   95   96   97   98   99  100  100   99   97   95   94   94   92   89
   86   84   83   81   78   73   66   59   54
    32.5-180.0 180.0   5.0 450.0                            LAT/LON1/LON2/DLON/H
   56   52   51   51   52   52   53   57   65   76   87   94   93   86   76   68
   64   66   74   85   96  103  104   99   89   78   67   58   53   50   48   47
   47   48   48   50   51   54   58   63   69   76   84   91   96   97   95   94
   94   96   99  101  102  103  105  106  107  106  104  103  102  101  100   98
   95   93   91   88   84   78   70   63   56
    30.0-180.0 180.0   5.0 450.0                            LAT/LON1/LON2/DLON/H
   58   53   50   49   50   50   51   53   60   71   83   93   95   91   82   73
   69   70   77   87   96  101   99   92   80   69   59   54   51   50   50   50
   50   50   49   49   49   51   55   60   68   77   86   94  100  101  100   99
  100  104  108  111  113  113  115  117  117  116  114  112  111  110  110  108
  106  103  100   97   91   84   75   66   58
    27.5-180.0 180.0   5.0 450.0                            LAT/LON1/LON2/DLON/H
   62   54   50   49   49   50   51   52   56   65   77   88   93   91   84   76
   71   72   77   85   91   92   88   79   68   58   52   50   50   51   51   51
   51   51   49   47   46   46   50   56   65   75   85   94  101  104  104  105
  109  116  122  127  129  129  130  131  131  130  127  124  122  121  121  120
  118  115  112  107  100   92   82   72   62
    25.0-180.0 180.0   5.0 450.0                            LAT/LON1/LON2/DLON/H
   67   58   52   50   51   52   53   53   55   61   70   80   87   87   83   76
   72   72   75   80   83   81   75   66   57   50   47   47   49   50   51   51
   50   50   48   44   42   41   45   51   60   71   82   92  100  105  108  112
  120  130  141  147  150  150  149  149  149  146  142  138  136  135  134  133
  131  129  125  120  112  102   91   79   67
    22.5-180.0 180.0   5.0 450.0                            LAT/LON1/LON2/DLON/H
   76   64   56   53   54   56   57   57   56   59   65   72   78   80   78   74
   71   70   72   74   74   70   62   54   48   45   45   46   48   49   48   48
   47   47   45   41   37   37   40   47   56   66   77   88   98  106  112  121
  132  147  160  169  172  171  170  169  168  165  160  155  152  151  150  149
  147  144  141  135  127  116  103   89   76
    20.0-180.0 180.0   5.0 450.0                            LAT/LON1/LON2/DLON/H
   87   73   63   59   60   62   63   62   60   59   61   65   70   72   72   70
   68   68   69   70   67   61   54   48   45   45   46   47   47   46   44   43
   42   42   41   37   34   33   36   43   53   63   74   86   97  107  118  130
  145  163  179  189  192  191  189  188  186  183  178  173  170  168  167  165
  163  160  157  151  143  132  118  103   87
    17.5-180.0 180.0   5.0 450.0                            LAT/LON1/LON2/DLON/H
  102   86   74   68   67   69   70   69   65   62   60   61   63   64   65   65
   65   66   67   66   62   55   49   47   47   49   50   49   46   42   39   37
   37   37   37   34   31   31   34   41   51   61   72   84   97  110  124  139
  157  177  194  205  208  207  205  204  202  200  195  191  188  186  185  182
  179  176  173  168  160  149  135  119  102
    15.0-180.0 180.0   5.0 450.0                            LAT/LON1/LON2/DLON/H
  119  102   87   78   75   75   75   74   70   65   61   59   58   59   60   61
   63   65   66   64   59   53   50   50   53   56   55   51   45   39   34   31
   31   33   34   33   31   30   34   41   51   62   73   85  100  115  131  148
  167  187  204  214  218  217  215  215  214  213  210  207  205  203  201  198
  193  190  187  183  177  167  153  137  119
    12.5-180.0 180.0   5.0 450.0                            LAT/LON1/LON2/DLON/H
  137  119  102   90   83   80   78   77   73   69   64   60   57   56   57   59
   62   65   66   64   60   55   54   57   61   64   61   54   45   37   31   28
   28   30   32   33   31   32   35   43   53   64   76   89  104  120  137  156
  174  193  208  218  221  221  220  221  222  222  220  219  218  218  216  211
  206  201  198  196  192  184  171  155  137
    10.0-180.0 180.0   5.0 450.0                            LAT/LON1/LON2/DLON/H
  154  135  117  102   90   83   79   76   74   71   67   62   59   57   58   60
   62   65   67   65   61   58   59   64   69   71   66   56   46   37   31   28
   28   30   33   34   34   34   37   45   56   67   80   93  109  126  144  161
  179  195  208  216  219  220  222  224  226  227  227  227  228  229  228  223
  216  211  208  206  204  198  187  172  154
     7.5-180.0 180.0   5.0 450.0                            LAT/LON1/LON2/DLON/H
  169  150  130  112   96   84   77   73   72   71   68   65   62   60   61   62
   64   66   67   65   62   60   63   69   75   75   69   59   48   40   35   32
   31   33   35   37   37   36   39   47   58   71   84   98  114  131  148  165
  180  194  205  212  216  219  221  225  228  229  229  230  233  236  236  232
  225  218  215  214  214  209  200  187  169
     5.0-180.0 180.0   5.0 450.0                            LAT/LON1/LON2/DLON/H
  180  161  140  120  101   85   74   69   68   68   68   67   65   65   65   65
   66   67   67   65   63   62   65   71   77   77   71   61   52   46   42   38
   37   37   39   40   39   39   41   49   61   74   88  102  117  134  151  167
  181  192  201  207  213  217  221  225  227  228  228  231  235  240  242  239
  232  225  222  222  221  218  210  197  180
     2.5-180.0 180.0   5.0 450.0                            LAT/LON1/LON2/DLON/H
  186  167  146  124  103   85   71   64   63   65   66   67   68   69   69   69
   68   66   65   63   61   61   64   70   75   76   71   64   57   53   49   46
   43   41   42   42   41   40   42   50   62   77   91  105  119  135  152  167
  180  190  197  204  211  217  222  226  226  226  226  229  235  242  246  244
  239  233  230  229  228  225  217  204  186
